vcc=14.9541;
vb=1.4164;
ve=1.23128;
vc=9.4507;
r1=12.0893*1000;
r2=1.4941*1000;

ie=ve/(re+r);
